5
370
-194
-251
-318
56
-435
-448
-76
61
0
-475
-274
268
-114
333
-64
325
232
-60
-432
424
84
154
143
461
-404
222
-442
76
-85
-283
-81
-336
-203
193
-61
354
-34
80
-227
387
11
192
-392
6
-22
154
-40
235
-104
-259
371
450
198
-198
113
-346
342
37
-395
-238
-7
318
452
7
-197
-336
438
-221
158
260
306
-180
275
93
-112
-257
-342
-133
3
234
269
-106
-448
156
-283
-446
366
0
349
-290
-206
-218
-484
237
350
-472
69
409
-467
-44
-103
452
-410
-181
397
-5
46
-352
-167
-479
-126
320
-46
145
435
-63
-417
250
-184
5
-350
-488
-369
-174
