5
53
-15
288
-144
-360
300
464
-7
95
-39
24
290
-421
200
297
-51
-78
-324
-379
239
-409
-340
-464
326
-269
265
86
-221
-11
-185
37
-486
472
167
-51
222
35
26
-176
-457
43
-275
497
382
-66
9
-12
-153
165
-313
-189
122
-398
-275
-346
-415
-19
-327
-139
78
-103
-270
-107
38
-381
-112
311
-340
164
-101
-153
-200
267
-356
-182
-318
267
-299
482
-243
-495
492
-75
258
480
447
-290
108
-75
12
-118
-190
-93
196
-201
-106
311
-437
-26
296
299
234
321
-228
-103
-466
185
52
440
310
67
57
459
-75
286
-181
467
56
-371
223
290
269
-330
-151
-206
254
-366
388
291
236
-473
200
-482
-107
-173
496
-269
427
185
-433
463
174
435
211
418
202
-297
273
252
-86
-436
-273
328
-431
27
296
35
-13
-464
16
-69
424
344
411
-191
-231
422
236
-241
-265
392
-151
425
-267
197
277
-25
406
-128
60
-282
-366
219
-291
-42
-48
260
457
372
-45
22
-405
187
199
-381
242
444
-460
-404
-69
-72
-359
211
-308
-335
-408
-371
-324
-497
188
48
-497
-73
458
414
-368
160
411
-348
72
-396
-112
382
-353
-186
-466
-357
-179
-410
-333
452
-106
167
-236
-16
-94
204
-167
-317
195
0
-258
-46
-22
360
-124
-99
-348
-371
166
185
-197
-359
-390
295
44
-181
-107
352
-119
165
-365
157
-231
-344
53
331
431
420
-427
239
262
161
11
-66
340
411
496
430
197
-340
188
-478
-44
-191
231
-280
-103
169
72
108
-187
-33
457
-369
-275
343
-51
-243
-308
-24
-227
-385
449
-282
166
371
-412
118
170
74
-206
298
-16
217
470
398
-418
14
-319
-245
292
-264
-51
25
417
484
-89
-277
-220
491
200
-9
297
310
240
15
311
352
-223
157
363
-211
134
-259
-383
204
148
470
-112
328
-361
-409
-465
-195
115
221
69
222
148
-151
417
-404
417
475
226
24
41
-144
455
-430
196
81
-221
230
411
-32
-6
-493
136
-97
-282
221
406
276
135
170
420
154
479
-325
-107
-392
184
304
-143
1
410
-97
442
-433
-276
489
-211
-190
225
-170
-112
-348
389
220
-345
-307
160
-449
-91
-291
-372
-236
302
247
-267
-304
421
241
0
-371
440
-367
284
42
-264
346
-173
-241
-189
367
-255
99
-276
294
222
-264
-22
-486
260
-405
491
32
-170
-385
-179
122
-331
103
294
114
-208
203
106
100
-74
252
-329
-157
-224
-131
-240
-128
-21
211
49
-371
86
204
-326
-489
-294
439
314
-146
184
151
200
206
-112
-123
47
-265
138
385
-331
228
361
52
471
-16
-154
65
-461
-223
-204
-190
296
258
29
274
73
357
-244
-395
-17
-304
355
-269
-372
-401
-5
-410
146
26
186
-397
-85
-385
133
-70
99
63
-203
-487
-123
355
159
73
-236
-443
77
55
15
-444
431
-76
439
-293
63
422
293
183
94
109
183
-150
-208
-48
-29
-449
100
-154
-235
75
332
-303
-1
447
254
44
449
-189
18
343
-184
-16
-50
-327
102
-381
177
48
-315
0
-460
-460
332
-232
-72
47
-94
204
-493
-10
-311
293
-174
96
-459
439
-146
184
127
-382
428
97
-495
-294
404
-46
250
-43
59
469
130
-152
-68
408
43
72
339
123
-417
46
282
-216
116
105
271
88
-274
-486
-56
198
-334
-469
-54
159
310
15
-294
321
-337
492
149
119
-401
156
360
113
0
51
446
376
-226
-475
-390
134
-417
96
-484
108
-226
126
-404
101
-393
-46
-193
233
385
-254
-241
-333
-496
-41
-190
-209
-267
100
-90
-384
309
-488
494
-431
-490
-11
-271
-53
419
382
-287
66
-421
-240
89
-466
-9
285
-380
102
-209
-188
-96
340
465
0
416
-328
153
-38
396
376
-35
-454
-40
-125
-310
-127
-1
-134
-477
193
41
2
-378
-101
281
329
433
320
391
105
-272
19
-402
-459
151
387
-303
-366
-2
-258
372
-442
-467
-444
202
-20
-63
118
209
