5
-235
-91
240
226
-455
107
98
-409
-217
447
59
145
30
434
-354
57
333
235
-351
-207
-354
189
-63
-486
-63
-236
5
56
119
-335
-336
157
-301
90
192
144
479
211
471
283
-223
-15
-140
330
288
392
62
-402
231
23
-166
30
360
-353
104
375
244
136
73
-493
-477
-367
-147
358
-107
318
492
-243
275
-432
-381
-417
-51
-494
423
388
406
204
488
-444
404
-135
-251
-479
-89
296
-71
461
-318
-32
-42
19
-206
-329
176
325
-268
-401
-342
-368
-415
261
-435
298
483
174
305
-216
-350
-263
160
498
354
32
177
135
-374
-440
390
92
-241
50
-149
163
-429
-390
-495
-480
-149
363
-288
328
-343
-271
70
60
-61
137
265
-357
477
-198
-144
154
274
-332
263
-335
323
227
-236
158
201
261
-87
244
-13
-91
-295
459
-167
-329
-296
-441
-62
114
-439
127
-257
36
-397
226
-45
-172
-374
-476
369
-393
-347
-413
-457
446
165
-447
85
-302
225
405
-297
-54
10
473
144
-347
476
-420
-80
-126
299
448
-42
-230
-264
-358
410
-222
-211
258
417
451
-107
105
3
-53
361
-143
209
62
5
-41
194
-437
-364
-307
331
215
-308
-143
238
-368
-185
-29
280
-494
38
-191
351
318
170
281
-405
-96
73
421
344
-473
-185
273
-270
306
