5
295
363
-296
-321
1
142
278
231
333
446
-114
-188
-138
16
116
349
-65
-284
473
324
-233
-287
30
373
455
115
-478
371
429
-296
-147
135
-358
248
119
4
352
-438
371
70
471
17
-255
-224
243
-166
91
-94
-454
-251
-101
-242
162
105
118
408
201
-457
-475
-446
229
-369
313
351
-174
-160
6
75
-36
141
125
126
62
432
-262
163
-400
-314
-273
-318
-120
417
-449
328
-43
-372
357
-285
-303
-176
-486
180
-309
152
27
287
33
-92
-121
338
16
-88
-45
293
391
351
179
-126
229
-353
398
449
306
-145
-224
-411
-391
-72
-217
-249
-189
-148
330
-317
-470
352
237
-458
-275
351
25
-406
-117
-163
-23
-344
-479
134
-495
91
105
-163
133
272
-312
-208
-169
-104
440
-360
-31
442
-180
347
-24
388
219
69
-423
436
-116
458
-399
216
283
232
-495
358
364
415
160
-172
-150
153
-93
-311
257
447
-403
253
425
430
149
-313
101
64
132
-318
-414
256
-1
-166
-473
417
-50
-383
-300
438
-216
-268
0
-71
-242
-309
-47
256
192
142
-247
-328
-468
409
220
291
-418
87
77
237
-64
402
-346
-414
-48
185
456
80
197
-40
35
-264
-16
-340
237
-416
461
-84
250
-206
-230
-322
-206
324
-116
187
451
83
154
-35
401
280
