92
41
60
83
76
80
12
41
64
44
43
11
29
99
72
90
37
45
1
6
54
59
35
49
30
2
37
9
3
84
41
74
94
75
29
80
55
67
64
8
88
44
25
13
49
53
16
73
57
63
43
95
82
46
81
12
58
63
99
29
89
97
2
87
78
86
87
60
26
35
74
18
39
13
5
69
86
35
16
98
79
17
69
47
51
78
26
46
72
68
99
26
28
9
49
71
15
57
31
66
33
94
8
51
82
10
99
6
53
78
64
72
58
31
20
18
48
44
38
51
66
75
33
56
1
43
75
60
62
59
3
61
25
67
51
31
79
32
82
57
94
46
65
78
23
92
86
79
45
20
30
97
55
20
40
1
50
10
95
20
25
33
81
48
99
76
43
15
26
20
47
30
20
62
41
4
95
98
66
5
6
33
51
85
79
84
43
81
61
85
22
20
29
93
98
23
71
71
20
14
12
97
4
75
46
59
65
84
32
14
30
80
20
38
95
19
23
97
92
10
80
29
57
55
29
57
66
46
67
67
95
28
3
30
93
4
79
59
25
76
91
71
25
44
58
29
51
12
63
58
56
50
47
22
15
70
32
1
46
48
47
19
69
14
55
11
33
9
11
69
97
55
19
82
96
48
52
70
54
13
41
82
19
15
60
32
65
24
54
34
31
48
43
14
40
76
45
70
81
26
45
13
64
33
70
84
39
41
6
53
84
58
60
75
11
82
68
1
10
68
98
9
58
7
36
93
72
79
34
17
34
14
48
78
42
8
48
2
68
87
22
80
81
52
9
34
69
44
75
56
70
65
60
49
46
98
43
97
62
91
48
90
39
60
27
94
42
35
71
44
19
1
62
72
77
68
7
64
16
67
87
55
15
14
53
2
56
16
40
36
48
49
92
51
39
11
26
36
50
24
62
16
73
6
30
98
69
78
76
36
57
90
71
44
4
12
63
18
76
89
7
78
30
46
85
92
41
30
53
45
41
57
65
67
6
27
72
39
2
1
45
48
23
46
39
49
55
41
29
58
35
40
93
83
27
48
14
73
9
75
32
83
5
41
88
52
58
99
16
61
85
85
59
35
15
97
69
89
47
74
44
22
38
51
16
33
54
37
25
79
78
10
78
13
9
73
69
27
40
8
23
34
39
12
42
81
90
11
38
17
36
11
85
97
28
73
77
11
19
71
32
11
5
27
95
89
84
44
62
60
50
46
70
53
45
18
55
78
66
49
84
76
98
33
68
51
73
43
8
92
56
81
48
91
23
13
5
97
26
53
61
84
26
8
60
5
50
51
4
90
48
89
99
1
12
94
24
18
75
37
38
69
74
80
49
2
48
22
94
93
35
59
36
53
19
94
50
44
71
51
56
58
87
65
38
18
36
28
1
44
11
44
91
89
36
8
57
46
90
83
95
89
69
48
98
40
94
59
9
7
39
48
91
18
62
39
55
94
49
76
99
33
86
65
3
31
56
91
52
31
93
39
80
47
32
37
98
49
51
58
99
36
62
92
71
52
78
89
73
97
82
53
20
29
32
42
64
94
33
42
2
82
10
88
90
11
77
84
33
64
75
51
84
45
16
9
37
60
3
35
66
84
96
30
43
19
7
99
92
25
98
65
27
74
85
78
87
52
45
49
92
9
9
2
59
97
57
67
34
59
20
76
74
14
73
42
35
64
39
27
25
55
95
4
83
97
86
5
24
53
19
51
24
44
55
23
8
15
65
97
57
7
8
64
42
88
43
22
72
51
84
74
39
79
79
99
74
38
32
45
49
3
6
77
25
81
96
34
84
9
4
8
24
47
48
90
78
15
22
61
1
77
17
79
93
42
45
89
80
90
69
14
34
25
53
95
55
25
48
51
23
39
12
39
71
86
50
12
51
96
90
93
8
47
35
14
2
65
79
17
26
97
64
42
17
27
72
5
85
39
29
97
64
97
20
45
79
88
15
88
92
43
84
3
34
8
2
62
22
85
40
72
57
2
17
87
86
82
3
7
53
43
61
42
14
14
85
95
16
2
4
55
42
13
17
56
91
3
6
18
81
32
53
60
59
41
6
62
74
26
93
3
63
24
94
61
29
86
63
3
14
3
54
15
9
73
25
68
28
47
46
11
14
15
45
86
83
53
58
86
85
80
12
14
97
77
55
24
17
45
87
71
61
73
5
53
57
93
39
79
97
38
45
54
36
51
91
77
15
11
37
75
49
13
77
28
60
80
22
8
73
27
93
83
31
96
50
88
22
56
81
67
70
79
83
23
38
5
94
18
48
87
64
41
90
6
19
71
41
79
19
33
37
90
53
92
25
79
24
36
46
93
84
81
54
38
63
50
99
58
87
17
9
38
61
24
35
59
57
7
9
7
46
28
70
44
41
60
44
4
99
99
42
55
35
3
55
21
92
52
43
9
59
98
75
13
14
49
31
20
15
52
25
23
25
11
67
3
23
3
89
96
26
96
83
97
50
24
51
86
2
80
92
88
5
16
51
90
69
9
2
30
51
30
86
85
72
8
84
75
70
70
84
29
78
94
13
91
69
63
1
63
69
94
76
8
8
92
41
41
51
65
22
2
17
37
91
38
2
86
98
66
3
51
18
39
40
83
84
69
74
96
65
14
96
62
40
24
38
89
62
9
6
82
16
25
37
42
30
30
44
21
88
12
47
1
22
82
8
68
24
81
39
16
66
10
84
82
96
41
79
92
85
27
62
86
83
85
25
6
2
55
99
75
39
37
32
89
67
3
23
87
20
89
97
13
66
35
48
40
89
27
83
27
85
48
35
40
52
22
9
31
54
22
8
20
79
38
1
84
82
29
22
55
32
78
38
91
65
20
54
73
91
57
45
3
34
11
33
52
50
1
95
28
52
44
51
65
31
89
49
52
7
3
23
34
33
94
29
96
39
90
80
81
22
86
3
75
4
20
7
9
10
17
50
19
65
56
75
26
95
75
94
85
58
20
28
21
70
11
59
79
83
50
3
41
92
46
71
38
9
59
16
26
90
18
4
52
86
56
41
8
60
51
59
56
32
13
52
73
53
18
15
76
97
84
10
64
72
58
88
35
57
29
21
36
30
60
92
55
75
75
95
19
29
19
89
93
25
40
78
49
67
30
67
20
89
90
33
67
88
86
92
7
44
4
99
90
22
82
8
1
18
64
72
9
79
44
93
86
81
12
42
73
12
32
3
72
1
31
13
71
40
1
28
48
55
20
93
87
12
6
87
6
23
16
16
28
44
80
8
14
63
43
32
37
62
41
58
87
59
11
84
29
46
79
69
7
5
84
70
37
27
61
17
54
36
2
29
19
19
30
83
90
50
19
19
9
60
90
4
90
63
87
87
74
11
22
73
90
95
12
22
30
25
42
68
41
82
45
47
25
91
28
2
55
63
98
19
83
22
50
28
89
82
94
6
94
21
96
58
14
1
86
79
56
68
78
56
47
31
7
41
27
2
45
18
64
9
35
63
49
82
62
64
10
81
2
25
32
64
14
4
59
77
45
54
26
27
39
19
31
85
5
34
11
23
27
18
25
53
27
12
78
53
5
37
52
82
87
19
9
74
15
76
72
1
86
9
31
3
59
31
55
3
58
56
47
65
44
15
46
17
85
78
53
13
80
28
76
38
49
65
75
97
98
89
69
21
14
47
24
79
87
33
31
32
49
15
9
11
80
60
17
2
42
86
97
20
31
76
12
35
30
80
86
90
60
68
86
50
87
35
23
98
68
93
89
80
20
97
9
68
38
84
7
36
60
52
58
51
75
98
90
24
74
75
1
37
66
63
37
75
16
39
46
62
38
88
78
7
86
91
56
58
71
61
99
45
92
87
87
61
76
34
8
75
5
51
4
92
46
68
10
86
62
98
64
54
54
11
84
35
81
36
51
14
40
96
40
52
51
29
70
76
23
14
2
54
30
5
59
53
15
80
76
43
84
13
84
92
44
6
78
97
20
93
90
20
99
43
14
96
3
96
60
3
51
59
69
25
72
64
84
53
17
69
38
54
92
64
53
7
84
26
87
99
94
50
11
61
2
42
52
84
96
71
55
66
77
2
93
79
22
54
49
78
93
87
86
90
37
59
87
34
1
18
94
11
88
41
46
13
28
85
56
61
11
98
84
75
66
28
9
94
15
82
98
16
84
88
97
20
14
93
35
52
92
27
53
79
20
96
16
41
52
5
53
7
23
23
30
10
17
53
80
6
43
45
5
21
41
86
43
64
9
47
51
21
85
33
42
80
8
18
38
37
17
88
73
57
12
41
71
31
77
12
14
13
76
71
43
10
75
29
36
88
49
3
4
62
10
10
31
72
62
73
69
73
44
20
50
57
79
81
51
22
83
83
92
8
22
79
87
81
28
2
89
8
97
85
9
63
99
5
78
93
7
27
60
86
68
42
52
25
98
9
70
53
23
37
33
31
2
64
41
61
63
51
15
21
56
33
83
96
17
48
56
78
14
84
49
83
91
47
33
58
84
56
8
64
23
1
70
45
56
9
77
68
92
43
28
74
6
89
26
74
9
89
92
98
75
66
69
69
67
89
10
47
98
81
58
81
65
57
70
44
77
22
26
13
16
33
97
45
64
18
25
21
76
53
43
25
94
9
91
13
8
30
68
31
63
42
10
55
25
68
56
78
57
98
62
14
91
74
7
49
74
48
85
76
82
22
92
24
1
85
79
19
19
93
85
62
19
5
29
20
33
16
75
8
73
6
38
41
33
41
43
77
14
43
92
20
74
45
72
71
92
61
83
41
53
64
89
12
89
76
82
86
65
75
78
83
89
94
29
88
28
79
15
56
31
89
82
22
37
72
5
93
7
59
50
11
94
99
30
81
86
54
82
53
58
11
32
48
85
38
10
66
86
88
93
32
3
17
57
17
66
15
82
33
5
64
57
96
66
65
86
64
27
11
52
43
45
95
50
68
12
88
55
19
4
23
72
80
26
42
12
7
74
20
55
41
97
46
80
82
65
7
94
4
84
97
20
67
21
60
53
84
70
69
60
71
63
12
66
42
21
33
87
84
11
90
61
92
78
7
75
76
14
31
98
99
65
75
40
15
32
59
54
90
18
82
96
99
51
21
18
80
73
7
59
85
21
10
66
28
96
58
95
43
48
27
27
29
99
68
32
61
87
71
66
38
92
46
83
20
4
23
45
70
92
40
37
64
15
4
38
18
48
16
25
57
24
6
1
90
69
43
52
12
99
16
36
66
74
56
84
14
77
5
2
6
95
18
96
91
73
25
44
55
89
28
41
90
47
57
56
79
55
21
86
60
50
3
6
53
60
72
38
67
43
87
70
31
20
1
38
82
72
57
69
74
82
18
5
15
32
50
99
84
10
97
70
81
72
99
94
95
67
31
6
44
8
86
76
10
58
13
65
46
34
51
69
85
61
67
70
32
86
40
85
10
57
6
27
38
71
31
7
11
68
78
44
77
54
82
28
99
20
63
90
61
5
84
35
46
20
7
22
37
18
8
20
23
13
93
41
25
59
95
70
68
37
37
5
90
20
26
84
69
15
91
70
77
55
40
92
51
37
43
37
92
62
30
85
26
35
30
52
28
21
16
91
42
38
85
64
41
83
64
43
30
66
26
55
39
5
20
25
46
11
8
75
41
47
63
97
54
94
31
68
13
1
6
41
87
22
77
66
87
89
93
55
95
44
88
73
37
76
76
18
74
28
32
86
35
72
61
80
98
78
23
17
38
18
67
62
47
59
71
3
88
94
34
68
71
30
1
39
83
71
67
31
35
57
45
52
90
15
15
69
51
5
14
4
95
6
14
7
79
96
95
10
17
31
37
88
56
96
35
79
14
69
43
96
81
64
95
44
73
65
14
40
80
79
4
17
69
72
11
90
10
30
35
91
8
10
5
75
84
22
78
91
10
56
56
38
34
56
6
15
6
82
39
62
26
64
16
36
28
92
51
82
13
15
40
76
24
34
49
50
82
26
26
28
51
73
88
19
20
43
40
7
92
76
75
73
22
76
47
82
31
23
50
10
13
94
64
82
56
49
65
44
55
29
98
93
90
99
17
15
43
37
7
92
85
17
52
86
44
11
52
82
75
33
63
92
15
51
28
25
34
9
32
59
92
39
84
86
58
42
89
6
72
63
83
35
59
68
9
15
83
88
47
65
53
80
37
4
53
88
1
37
79
70
45
57
10
61
11
46
80
73
41
4
57
6
60
74
19
39
81
26
43
34
38
78
39
88
74
53
80
36
15
19
68
21
61
80
3
32
29
38
34
77
20
94
72
69
21
42
37
74
19
18
58
64
81
33
6
67
35
97
58
77
4
16
29
13
81
86
34
83
41
61
22
24
49
12
79
79
36
95
3
55
26
26
47
20
59
71
62
51
52
72
96
4
57
17
59
40
52
16
44
29
36
74
73
75
12
32
21
91
91
83
9
38
19
45
79
12
83
59
15
59
83
51
2
96
17
75
71
32
87
84
84
66
60
56
68
7
54
99
36
35
34
31
55
5
26
87
79
91
33
7
53
88
76
33
54
28
79
64
63
73
28
93
79
26
10
83
89
63
26
69
2
84
45
51
83
51
91
57
42
51
1
11
71
24
66
46
17
92
37
48
9
48
12
76
8
19
47
39
96
32
31
77
97
44
42
85
33
93
25
55
83
46
79
22
96
80
1
86
59
62
38
84
81
11
81
59
17
32
45
42
27
45
16
44
96
71
2
61
20
99
59
6
15
45
64
42
57
63
76
76
16
64
73
45
94
80
8
51
54
33
54
4
22
4
76
88
86
15
8
83
48
44
41
10
