42
89
41
60
58
38
69
73
82
94
83
67
43
49
48
86
24
4
70
50
12
82
95
21
15
97
2
24
85
57
61
84
72
69
35
44
84
28
47
73
64
89
19
82
72
86
84
66
18
21
41
76
21
85
52
34
38
67
44
50
72
49
46
93
82
10
58
6
86
90
20
1
32
60
33
38
77
13
35
71
40
39
78
15
99
71
6
51
58
62
52
30
27
51
11
91
71
71
38
17
24
43
22
99
84
71
24
80
23
53
66
57
49
42
55
96
48
78
19
51
28
45
24
69
48
19
97
35
14
40
40
55
24
13
1
24
73
71
63
90
74
25
23
1
79
10
21
93
94
15
17
70
38
53
21
4
88
74
12
7
33
6
39
1
85
93
87
62
56
5
57
11
88
14
71
45
66
69
54
81
72
75
11
83
26
73
86
99
13
45
31
31
94
72
28
75
23
15
90
78
65
54
27
12
32
84
83
79
10
65
19
36
16
75
58
12
25
48
1
76
75
36
42
13
26
97
44
88
24
43
12
83
21
4
24
72
23
5
32
42
55
52
63
47
85
15
45
55
21
2
43
54
26
21
8
1
68
43
23
20
35
9
96
31
49
29
59
97
1
8
15
41
2
24
30
61
19
64
90
51
45
92
98
27
42
60
53
77
40
66
77
24
75
53
98
37
40
18
69
48
18
69
9
9
38
51
2
50
1
80
82
55
88
92
74
63
79
47
75
71
36
24
99
61
72
4
74
24
19
2
97
2
55
15
45
79
98
61
65
98
65
38
29
48
40
89
50
24
57
74
88
96
52
10
92
48
22
75
7
91
56
29
2
43
69
51
7
88
47
30
2
25
18
95
43
73
53
13
51
18
58
25
77
16
21
12
22
40
76
92
43
12
85
50
94
69
54
22
58
99
83
4
4
24
84
83
51
86
34
89
40
66
63
97
95
31
94
98
92
35
55
42
67
49
63
37
1
29
42
87
91
54
80
47
19
27
88
12
22
46
56
19
46
9
7
43
70
93
31
24
58
1
82
44
96
4
41
21
38
81
11
33
5
51
39
15
10
4
44
12
21
14
1
79
9
21
50
37
45
48
21
66
42
33
46
55
95
84
70
57
35
83
36
97
2
44
74
47
53
71
85
96
99
92
20
53
51
67
97
71
40
90
29
82
99
32
86
91
26
3
28
16
60
95
54
31
19
70
21
91
47
38
11
48
95
82
29
79
78
68
16
73
43
63
67
96
86
8
7
79
10
90
68
1
82
27
54
74
70
4
66
49
61
73
62
30
67
60
17
32
94
5
95
49
19
63
91
8
72
10
9
29
29
48
1
84
58
84
97
65
32
25
15
48
94
95
19
23
49
90
88
25
59
37
32
53
50
82
21
21
62
80
56
33
43
15
92
75
40
69
61
71
34
29
61
37
72
91
24
90
34
59
29
37
52
55
24
78
98
73
84
10
55
37
59
95
31
58
93
12
10
78
3
45
92
47
10
12
61
57
33
61
81
25
92
65
73
50
12
79
93
37
88
1
19
71
88
75
63
1
91
71
41
46
57
1
54
3
96
55
7
65
88
46
47
8
19
4
66
15
27
12
47
34
18
78
94
83
8
68
95
62
86
14
83
4
48
28
76
82
59
13
4
57
19
72
40
95
68
47
64
63
74
4
86
29
54
24
29
35
37
99
87
31
92
49
72
62
38
16
27
40
9
90
86
58
58
48
6
72
91
16
62
82
38
45
24
48
21
71
22
28
42
54
45
53
68
25
63
26
90
13
7
24
48
73
42
22
3
46
31
82
17
12
15
4
11
14
39
72
54
93
9
8
40
23
93
62
65
39
90
29
65
7
4
25
97
72
55
95
78
18
76
7
64
93
60
1
48
9
95
49
1
10
64
95
41
79
70
18
6
86
55
90
34
30
67
56
58
97
71
13
42
34
34
74
85
81
64
14
50
26
78
31
35
20
30
42
7
78
42
74
87
20
32
8
26
90
7
51
93
55
91
9
7
41
10
92
29
83
94
96
65
52
54
40
11
64
66
4
37
80
52
82
8
42
8
61
92
30
20
94
35
67
83
64
88
51
25
7
27
50
19
90
22
78
63
58
24
8
36
52
81
3
87
4
16
21
36
50
3
99
40
67
21
17
27
72
81
54
55
80
17
51
27
22
84
45
28
37
17
47
2
97
77
93
74
55
89
28
27
59
59
74
17
28
51
24
77
28
54
56
82
6
70
77
75
26
29
15
96
42
92
50
59
51
11
30
95
84
