49
1
25
80
31
36
77
48
58
63
3
2
93
70
93
29
14
15
15
39
27
36
2
42
64
58
75
83
76
10
90
25
16
45
36
84
4
17
11
8
52
44
41
19
61
97
9
53
25
95
60
36
48
48
93
1
26
60
56
76
40
20
30
1
4
37
69
16
13
21
15
30
97
12
30
88
89
26
9
20
2
63
31
73
90
95
11
32
59
36
12
62
57
72
10
72
77
46
58
38
78
93
41
29
2
98
92
33
53
39
36
65
75
21
23
42
54
5
48
16
12
40
81
17
83
78
81
54
9
66
53
61
33
40
68
39
14
47
94
5
88
35
64
54
12
23
77
26
46
80
53
1
88
82
16
53
24
96
91
5
99
2
60
57
90
89
35
48
37
29
69
25
45
18
6
43
90
29
80
70
10
19
15
96
24
8
62
20
38
77
52
43
37
85
1
95
38
70
85
39
61
92
51
55
53
7
43
53
24
81
82
81
78
57
77
84
77
9
65
36
80
44
32
98
70
21
92
3
51
19
47
76
20
33
51
83
31
73
86
88
98
8
49
51
60
39
76
57
51
60
