93
70
13
73
13
28
12
64
75
69
43
66
43
60
76
48
7
25
88
4
96
7
68
19
58
43
68
92
49
66
76
17
43
16
98
73
68
59
8
36
11
22
64
66
41
37
93
43
97
30
16
14
86
10
9
6
75
64
39
71
46
41
17
47
46
68
94
49
86
80
9
1
77
85
40
16
45
33
90
25
79
25
69
11
92
96
44
3
57
1
42
28
18
7
71
42
5
50
89
71
43
63
86
31
4
76
5
95
26
45
20
45
66
65
67
64
9
34
49
93
24
69
57
18
17
86
77
37
37
71
57
20
33
48
4
44
12
66
51
5
73
83
83
58
18
5
54
86
61
73
53
70
55
15
49
71
72
97
72
49
15
84
19
79
89
8
19
68
33
60
71
97
96
66
15
11
28
13
23
95
99
85
96
66
65
60
79
78
53
16
39
38
10
62
27
69
26
48
8
29
40
16
26
34
47
47
89
68
41
17
65
97
97
16
28
7
99
77
32
15
57
62
75
87
75
4
80
90
12
25
18
69
8
71
36
64
72
69
53
60
95
70
47
5
88
67
17
86
59
89
69
80
26
21
92
15
50
62
59
98
56
90
48
88
95
12
2
31
89
40
84
51
88
42
2
68
18
8
89
74
43
88
14
70
76
72
32
6
86
4
84
8
39
62
47
6
62
51
43
6
86
30
78
38
65
37
61
44
30
3
98
39
25
88
52
68
72
61
18
73
3
80
8
10
45
18
41
51
95
45
71
38
47
5
50
70
39
31
98
77
71
73
9
3
48
94
66
64
7
82
18
42
65
38
21
32
40
17
88
84
76
26
77
43
2
69
75
99
27
47
6
15
24
78
13
19
50
6
85
96
16
97
50
57
87
45
91
2
61
44
53
31
60
61
50
3
2
49
41
48
21
41
93
44
61
22
74
76
8
32
71
25
18
73
96
17
61
49
25
54
38
80
9
47
88
43
24
98
23
92
34
7
78
18
11
53
29
85
84
25
12
49
20
18
74
42
48
34
12
51
53
55
36
98
66
15
24
97
39
68
86
89
48
56
34
78
97
21
54
85
59
30
62
67
90
75
82
92
83
20
72
17
43
47
25
80
24
53
10
19
40
86
14
33
14
14
47
82
57
25
74
57
50
48
90
29
66
71
81
87
55
90
89
98
33
29
76
64
46
58
54
30
90
67
2
86
64
5
62
42
55
83
98
60
84
35
10
35
29
23
95
95
17
6
55
96
97
53
80
16
65
71
42
70
18
2
18
90
12
59
3
38
44
14
84
14
31
65
84
91
65
81
97
59
67
22
56
32
31
49
87
19
7
70
68
7
76
8
33
88
56
34
86
61
12
22
45
49
87
92
28
82
99
52
91
83
19
80
51
57
56
76
83
2
45
77
94
64
48
15
65
74
23
59
69
79
55
13
84
98
95
25
28
68
46
38
31
48
98
18
80
82
68
95
80
76
76
8
43
93
51
67
62
73
19
8
7
33
79
30
51
98
83
24
87
9
91
11
54
48
62
94
90
28
91
72
34
12
23
33
96
51
89
58
95
40
14
93
48
46
24
16
22
23
25
41
4
10
98
96
49
54
47
60
87
7
62
98
91
27
61
68
38
14
18
81
88
86
51
96
51
70
5
97
8
43
34
60
63
2
35
5
38
7
36
32
18
30
50
42
61
13
70
88
12
11
33
18
68
33
80
3
26
56
97
6
83
5
77
84
62
31
32
61
94
26
60
8
68
32
84
25
1
76
13
72
6
87
94
36
38
83
17
78
96
38
29
2
49
43
13
33
57
86
63
86
79
51
13
1
99
28
21
19
43
11
35
63
61
89
66
27
81
28
21
69
95
55
6
48
6
9
56
71
35
48
49
80
5
4
1
92
95
90
27
71
39
89
93
63
10
72
81
57
84
69
11
19
79
91
59
91
68
28
70
65
10
58
85
46
17
78
12
25
45
59
94
58
24
87
10
44
30
41
40
52
88
72
94
18
70
48
24
78
93
86
76
55
48
21
4
34
20
55
11
4
44
65
72
54
15
28
43
92
38
6
22
1
63
41
26
71
18
24
31
88
37
34
99
63
15
27
46
5
3
39
64
36
22
85
34
33
26
46
95
70
89
71
34
87
10
22
90
1
97
46
38
98
36
20
27
17
44
95
72
28
8
23
79
84
1
26
56
97
19
92
40
11
22
45
72
45
84
26
15
60
21
99
74
68
15
47
2
6
39
56
91
98
19
75
82
59
68
23
37
21
66
46
70
29
